#Fluxes given in Jy, freq in GHz, date in MJD
Freq 34.688000 34.688000 34.188000 34.188000 33.688000 33.688000 33.188000 33.188000 32.688000 32.688000 32.188000 32.188000 31.688000 31.688000 31.188000 31.188000 30.688000 30.688000 30.188000 30.188000 29.688000 29.688000 29.188000 29.188000 28.688000 28.688000 28.188000 28.188000 27.688000 27.688000 27.188000 27.188000
Date Meas Err Meas Err Meas Err Meas Err Meas Err Meas Err Meas Err Meas Err Meas Err Meas Err Meas Err Meas Err Meas Err Meas Err Meas Err Meas Err 
56947.667483 126.715649 0.010341 122.187220 0.009390 117.822896 0.008382 113.532627 0.008761 109.281318 0.008345 105.153819 0.008056 101.124235 0.008297 97.196726 0.008226 93.322110 0.009026 89.583615 0.007975 85.935939 0.008070 82.362489 0.008019 78.885940 0.008262 75.506784 0.008691 72.188841 0.009122 NaN Inf
56949.519230 125.808177 0.011639 121.494694 0.009913 117.153681 0.011554 113.127316 0.009908 109.021510 0.009478 105.044120 0.009210 101.141508 0.009564 97.348499 0.009324 93.595521 0.009914 89.963050 0.009048 86.409365 0.008978 82.936618 0.009216 79.551054 0.009442 76.254756 0.009975 73.003557 0.010421 NaN Inf
56950.600179 127.596066 0.012526 123.453869 0.010675 NaN Inf 115.435411 0.010947 111.422106 0.010185 107.571879 0.010030 103.791319 0.010164 100.077252 0.010583 96.419748 0.011486 92.904874 0.010246 89.421902 0.009873 85.999886 0.010367 82.672097 0.010725 79.440023 0.010868 76.230664 0.011303 NaN Inf
56951.597425 133.095331 0.010143 128.299906 0.008798 123.625865 0.008494 119.110840 0.008580 114.587672 0.008160 110.235144 0.008190 105.941919 0.008126 101.783772 0.008041 97.657177 0.008860 93.721538 0.007804 89.839651 0.007882 86.080236 0.007831 82.392899 0.008300 78.834470 0.008627 75.327369 0.008823 NaN Inf
56952.511013 130.760123 0.011305 125.942454 0.009645 121.234008 0.009284 116.654822 0.009644 112.119881 0.009192 107.727263 0.008943 103.449600 0.009777 99.280690 0.009032 95.181179 0.009632 91.214859 0.008786 87.354253 0.008690 83.588816 0.008877 79.906406 0.009174 76.380044 0.009613 72.889648 0.010037 NaN Inf
56953.733848 132.647201 0.011310 127.992773 0.009628 123.435570 0.009255 118.980418 0.009628 114.602267 0.009175 110.329695 0.008944 106.127251 0.009753 102.076134 0.009190 98.059888 0.009945 94.195109 0.008786 90.396522 0.008870 86.693835 0.008887 83.089638 0.009167 79.551714 0.010086 76.121271 0.010089 NaN Inf
56954.731105 132.944715 0.011120 128.323203 0.009481 123.805886 0.009102 119.381174 0.009466 115.031983 0.009043 110.783970 0.008802 106.629158 0.008935 102.575219 0.008798 98.587784 0.009541 94.754576 0.008871 90.953069 0.008723 87.266522 0.008734 83.655816 0.009008 80.150109 0.009416 76.723620 0.009888 NaN Inf
56955.687089 133.985769 0.010930 129.333718 0.009316 124.780481 0.008925 120.334583 0.009275 115.936872 0.008857 111.656209 0.008657 107.463754 0.009005 103.389771 0.008706 99.362429 0.009301 95.479570 0.008464 91.669534 0.008390 87.947969 0.008557 84.321360 0.008797 80.785059 0.009236 77.335974 0.010153 NaN Inf
56956.725654 135.367149 0.011009 130.555524 0.009530 125.882403 0.008984 121.297344 0.009300 116.793122 0.008870 112.394849 0.008649 108.143531 0.009754 103.909129 0.008705 99.786024 0.009304 95.859538 0.008924 91.911365 0.008517 88.158790 0.008970 84.401581 0.008777 80.790775 0.009151 77.283624 0.009808 NaN Inf
56957.744080 136.425582 0.012005 131.566979 0.010629 126.859357 0.009582 122.227884 0.009914 117.689257 0.009457 113.255359 0.009232 108.904472 0.009839 104.695463 0.009304 100.536924 0.010263 96.531640 0.009087 92.600470 0.008989 88.767619 0.009202 85.029295 0.009463 81.381931 0.010184 77.835780 0.010633 NaN Inf
56958.741348 136.420669 0.011844 131.616476 0.010081 126.916844 0.009680 122.310618 0.010013 117.806036 0.009546 113.397412 0.009326 109.077980 0.009678 104.887997 0.009398 100.757629 0.010018 96.764625 0.009161 92.852197 0.009071 89.033332 0.009249 85.324569 0.009537 81.679301 0.010291 78.146176 0.010476 NaN Inf
56959.457552 133.315371 0.026040 129.272255 0.022037 125.281147 0.021201 NaN Inf 117.464700 0.020202 113.663641 0.019993 109.924333 0.020595 106.266058 0.020701 102.606520 0.022843 99.089611 0.019993 95.618638 0.019912 92.282508 0.021308 88.865279 0.020996 85.607368 0.022284 82.353652 0.021665 NaN Inf
56960.735874 140.906954 0.011639 135.967737 0.009921 131.142835 0.009526 126.414999 0.009878 121.783769 0.009407 117.252224 0.009168 112.801878 0.009752 108.500388 0.009244 104.245926 0.010592 100.143967 0.009014 96.113226 0.009294 92.192697 0.009070 88.366386 0.009376 84.617609 0.009929 80.976529 0.010227 NaN Inf
56961.725735 141.109984 0.014275 136.507839 0.012163 132.000074 0.011640 127.583661 0.012395 123.215491 0.011490 118.952953 0.011329 114.743963 0.012176 110.670347 0.011463 106.637928 0.011907 102.724177 0.011125 98.880808 0.011033 95.115929 0.011265 91.442731 0.011589 87.831204 0.012130 84.308536 0.012548 NaN Inf
56962.730422 144.231164 0.012072 139.150278 0.010754 134.191119 0.009863 129.331581 0.010243 124.571345 0.009755 119.944836 0.009788 115.351319 0.009889 110.924887 0.009628 106.571171 0.010418 102.346883 0.009396 98.191846 0.010440 94.174212 0.009479 90.251337 0.009786 86.411961 0.010225 82.674796 0.010753 NaN Inf
56964.520087 147.531537 0.012996 142.503384 0.011024 137.573314 0.010519 132.753621 0.010147 127.961846 0.010357 123.324111 0.010150 118.780066 0.010313 114.349374 0.010290 109.972724 0.010671 105.728101 0.009913 101.573292 0.009811 97.521147 0.009935 93.563687 0.010287 89.708186 0.010592 85.904079 0.010962 NaN Inf
56965.701082 144.740150 0.014050 139.978435 0.011947 135.321132 0.011426 130.691461 0.010337 126.238900 0.011238 121.835770 0.011037 117.510712 0.011249 113.289254 0.011183 109.121172 0.011765 105.085192 0.011020 101.120945 0.010854 97.243399 0.011233 93.438957 0.011499 89.732651 0.011847 86.100864 0.012248 NaN Inf
56966.657078 145.889126 0.011534 140.670381 0.009832 135.536846 0.009938 130.583664 0.009834 125.670103 0.009362 120.888327 0.009155 116.220210 0.009339 111.670281 0.009284 107.193431 0.009979 102.868618 0.009075 98.641782 0.008962 94.513168 0.009173 90.493297 0.009499 86.582097 0.009920 82.758327 0.010484 NaN Inf
56968.551013 142.984325 0.010899 138.000034 0.008839 132.770165 0.015736 128.329713 0.008813 123.578124 0.008383 118.977729 0.008191 114.482404 0.008326 110.099730 0.008250 105.771969 0.008862 101.581957 0.008444 97.498926 0.007932 93.516132 0.008303 89.611577 0.008821 85.830277 0.008686 82.101589 0.009132 NaN Inf
56971.684682 149.166708 0.010508 143.511426 0.008946 137.900675 0.010279 132.620998 0.008863 127.354719 0.008473 122.224964 0.008257 117.227135 0.008366 112.369367 0.008291 107.611949 0.008898 103.016399 0.007997 98.531004 0.007933 94.171280 0.008052 89.930777 0.008318 85.821993 0.008613 81.820593 0.009031 NaN Inf
56973.679230 148.988630 0.011106 143.379929 0.009011 137.804796 0.010396 132.544611 0.009469 127.321979 0.008514 122.202277 0.009015 117.253199 0.008460 112.415842 0.008333 107.677833 0.008954 103.105338 0.008089 98.644963 0.007996 94.307828 0.008106 90.079455 0.008391 85.959852 0.010033 81.979433 0.009958 NaN Inf
56974.738976 149.524449 0.016027 144.664869 0.014643 139.909491 0.013649 135.241738 0.014043 130.650802 0.013435 126.164846 0.012632 121.740788 0.013730 117.423813 0.013756 113.181786 0.013477 109.041071 0.012617 104.988119 0.012491 101.009018 0.013543 97.129684 0.013911 93.317263 0.013748 89.596560 0.014734 NaN Inf
56977.502240 148.902750 0.010023 143.467083 0.008288 138.127176 0.007944 132.932262 0.008239 127.772674 0.007815 122.785860 0.007648 117.899834 0.007969 113.181195 0.007668 108.515856 0.008287 104.013935 0.007432 99.609937 0.007522 95.339014 0.007460 91.160189 0.007808 87.144374 0.007971 83.172727 0.008356 NaN Inf
56979.496800 153.067063 0.010441 147.319506 0.008834 141.563341 0.008246 136.010550 0.008748 130.633742 0.008090 125.360385 0.008092 120.231176 0.007827 115.215374 0.008590 110.392314 0.009041 105.620717 0.007653 101.023167 0.007825 96.532562 0.008378 92.186901 0.008396 87.946950 0.008148 83.843206 0.008287 NaN Inf
56980.452193 149.687537 0.010779 144.133390 0.011097 138.582302 0.010135 133.283289 0.009698 128.106198 0.008676 123.034026 0.008458 118.118911 0.009201 113.268163 0.008471 108.594121 0.010180 103.995737 0.008294 99.590617 0.009206 95.206655 0.008344 90.992971 0.008616 86.904800 0.009743 82.914710 0.009557 NaN Inf
56980.701418 147.384143 0.013584 142.073280 0.011585 136.882176 0.011048 131.801580 0.011759 126.845114 0.010876 121.990126 0.011055 117.264611 0.010769 112.644556 0.010791 108.132079 0.011301 103.734030 0.010509 99.448817 0.010332 95.200927 0.011072 91.196705 0.010860 87.232819 0.011136 83.376460 0.011528 NaN Inf
56986.477865 151.154045 0.009954 145.593533 0.008432 140.254215 0.010315 134.832272 0.008352 129.649806 0.007926 124.585682 0.007753 119.645137 0.007854 114.831212 0.007761 110.172512 0.008552 105.559820 0.007550 101.107865 0.007441 96.761779 0.007559 92.538598 0.007912 88.418099 0.008027 84.421589 0.008412 NaN Inf
56987.474913 149.710967 0.012948 144.587727 0.010286 139.565336 0.009863 134.648762 0.010495 129.848554 0.009711 125.145227 0.009546 120.538185 0.010755 116.039893 0.009950 111.659620 0.010107 107.319557 0.009423 103.113510 0.009314 98.999282 0.009475 94.990887 0.010196 91.055576 0.011201 87.247072 0.010951 NaN Inf
56988.679566 149.131805 0.012774 144.025430 0.010850 139.024721 0.010396 134.122322 0.011005 129.326003 0.010174 124.632857 0.009920 NaN Inf NaN Inf 111.136993 0.010454 106.839215 0.009735 102.643040 0.009577 98.540829 0.009624 94.532174 0.009997 90.626803 0.010216 86.818075 0.010576 NaN Inf
56989.469439 172.097277 0.010749 165.607202 0.009128 159.241289 0.009237 153.088867 0.009151 147.071715 0.009369 141.158816 0.011414 135.448436 0.010150 129.872552 0.010053 124.483603 0.009351 119.153082 0.008225 113.995922 0.009060 108.987908 0.009780 104.124013 0.008558 99.382794 0.010071 94.790862 0.009926 NaN Inf
56990.466730 172.690331 0.010774 165.967587 0.009144 159.396716 0.008768 153.010126 0.009111 146.795902 0.009348 140.699689 0.011412 134.824164 0.009565 129.104016 0.008913 123.548760 0.009324 118.086795 0.008221 112.818517 0.008110 107.688041 0.008473 102.722237 0.008598 97.893172 0.009549 93.219589 0.009777 NaN Inf
56995.660480 157.721117 0.013979 152.353258 0.013676 147.113947 0.012657 141.959983 0.013699 136.946419 0.011243 132.009771 0.013681 127.182506 0.011509 122.467309 0.011013 117.843766 0.012832 113.329468 0.010794 108.910927 0.011653 104.606106 0.010980 100.389727 0.011508 96.267057 0.012596 92.259220 0.013055 NaN Inf
56997.579844 165.274101 0.011029 159.228851 0.009783 153.328684 0.009027 147.565206 0.009123 141.933456 0.008909 136.413004 0.010559 131.066227 0.008851 125.824590 0.008529 120.717848 0.010446 115.740133 0.008315 110.889884 0.008212 106.165137 0.008364 101.559605 0.008730 97.077966 0.009268 92.735819 0.011013 NaN Inf
56998.403084 166.436355 0.011583 160.413365 0.009091 154.475324 0.008692 148.691868 0.009022 143.031998 0.008530 137.481528 0.009959 132.119317 0.008449 126.855743 0.008279 121.774047 0.009200 116.723909 0.008313 111.850221 0.008163 107.103034 0.008077 102.486190 0.008863 97.966734 0.008609 93.600460 0.009696 NaN Inf
56999.400330 163.976111 0.011422 158.206839 0.010116 152.427649 0.008882 146.840925 0.009228 141.383734 0.008950 136.012847 0.010208 130.821771 0.008875 125.726722 0.008572 120.792611 0.010075 115.902970 0.008427 111.193230 0.008669 106.548586 0.008455 102.048760 0.008801 97.656479 0.009037 93.398600 0.010367 NaN Inf
57000.397598 164.995486 0.011108 159.209118 0.009248 153.522108 0.008850 147.972547 0.009172 142.543402 0.008757 137.205623 0.010202 132.041641 0.008854 126.968727 0.008540 122.057012 0.009755 117.181422 0.008390 112.462047 0.008262 107.849636 0.008430 103.358673 0.008788 99.014674 0.010454 94.744395 0.011126 NaN Inf
57001.644091 167.564423 0.013580 161.578240 0.011223 155.719102 0.010792 149.970499 0.013558 144.399533 0.010542 138.919462 0.012735 133.589104 0.012137 128.359149 0.010332 123.261029 0.011587 118.291565 0.010158 113.445604 0.009997 108.716580 0.010182 104.108634 0.010597 99.607423 0.012118 95.241756 0.012748 NaN Inf
57002.600052 170.589638 0.011042 164.527268 0.010644 158.590799 0.009503 152.798601 0.009423 147.127333 0.008935 141.576831 0.010515 136.161917 0.008963 130.869793 0.008826 125.702624 0.010774 120.662275 0.009160 115.742570 0.009227 110.953282 0.009495 106.286860 0.009876 101.712569 0.009575 97.274247 0.010647 NaN Inf
57003.514473 83.767884 0.051803 82.123853 0.046759 80.488469 0.046517 78.864416 0.049545 77.245641 0.047378 75.631012 0.053700 74.038269 0.047444 72.451164 0.045982 70.876602 0.052069 69.299717 0.051265 67.741349 0.050074 66.187994 0.052436 64.608033 0.054295 63.101235 0.057633 61.576564 0.065217 NaN Inf
57005.508987 179.772018 0.012190 173.198362 0.010405 166.776945 0.010123 160.491698 0.010393 154.367552 0.010045 148.390152 0.012133 142.534051 0.009986 136.834908 0.010057 131.283120 0.009937 125.864830 0.009557 120.586892 0.009309 115.442435 0.009955 110.439527 0.009945 105.566624 0.010435 NaN Inf NaN Inf
57006.506267 164.202061 0.011480 158.974076 0.009903 153.827145 0.010020 148.769653 0.009900 143.817310 0.009417 138.934470 0.011061 134.180649 0.009626 129.502524 0.009266 124.943006 0.010276 120.422706 0.009196 116.015454 0.009059 111.705512 0.009242 107.486356 0.009686 103.332849 0.009947 NaN Inf NaN Inf
57007.420422 168.688756 0.013040 163.035370 0.011188 157.483501 0.010670 152.057319 0.011073 146.733506 0.010756 141.525551 0.010503 136.416837 0.010786 131.421292 0.010655 126.594343 0.012251 121.750382 0.010601 117.080193 0.010519 112.502700 0.010666 108.035621 0.011222 103.652204 0.011616 NaN Inf NaN Inf
57010.620110 144.072696 0.013069 141.382415 0.011137 138.690250 0.010616 136.112002 0.011347 133.498669 0.010497 130.887752 0.013197 128.451655 0.010557 125.694883 0.010480 123.137583 0.010820 120.544618 0.010433 118.078849 0.010312 115.506996 0.010366 112.949286 0.010581 110.411940 0.011116 108.015210 0.011600 NaN Inf
57011.325770 168.113317 0.017375 162.601716 0.014777 157.166505 0.014161 151.846516 0.015577 146.645967 0.013987 141.485441 0.018095 136.534650 0.013929 131.607379 0.014812 126.878208 0.015004 122.131796 0.013883 117.549157 0.014484 113.024969 0.014191 108.639599 0.015559 104.291319 0.016446 100.094659 0.015846 NaN Inf
57014.484404 168.815105 0.009593 163.222680 0.008180 157.727669 0.007875 152.352351 0.008228 147.080303 0.007854 141.891637 0.009253 136.846067 0.007888 131.884655 0.007799 127.060572 0.008537 122.285687 0.007685 117.640114 0.007597 113.094177 0.007767 108.650257 0.008192 104.291782 0.008445 100.074745 0.010717 NaN Inf
57015.314855 167.338786 0.015929 161.905391 0.013476 156.555974 0.012854 151.307770 0.014117 146.190494 0.012634 141.096557 0.016238 136.215641 0.012599 131.386231 0.012610 126.686590 0.013407 122.003475 0.012432 117.452542 0.012336 113.000612 0.012550 108.645024 0.013213 104.377078 0.013707 100.212516 0.014024 NaN Inf
57015.605885 165.949652 0.012447 160.740051 0.010427 155.626777 0.010176 150.596084 0.010848 145.666467 0.010099 140.814133 0.012279 136.059269 0.010088 131.383294 0.009989 126.805654 0.010657 122.316312 0.009927 117.908988 0.009820 113.594281 0.009896 109.362724 0.010435 105.215223 0.010627 101.164385 0.011003 NaN Inf
57016.478941 173.070443 0.010825 167.269801 0.008619 161.564867 0.008945 155.931759 0.007829 150.516004 0.008758 145.136748 0.010739 139.912725 0.008977 134.739322 0.007354 129.742755 0.008130 124.799356 0.007496 120.004937 0.007205 115.295353 0.008645 110.704847 0.009112 106.217542 0.009276 101.868250 0.008435 NaN Inf
57017.309404 172.702934 0.015214 167.022103 0.012791 161.430463 0.012250 155.947679 0.013342 150.599060 0.011894 145.285150 0.015213 140.190614 0.011846 135.143710 0.011850 130.258100 0.012627 125.372520 0.011625 120.641039 0.011501 116.004169 0.011639 111.475887 0.012263 107.035241 0.012508 102.705223 0.012750 NaN Inf
57018.414462 173.772939 0.009193 167.883895 0.007836 162.099851 0.007733 156.460408 0.007793 150.927026 0.007761 145.522658 0.010687 140.241996 0.008119 135.011754 0.007340 129.983363 0.008170 124.972373 0.007244 120.123187 0.007132 115.377263 0.007265 110.746701 0.007695 106.208508 0.007787 101.789049 0.008138 NaN Inf
57019.387552 172.673615 0.009463 166.998058 0.008082 161.419355 0.007766 155.955621 0.008051 150.608498 0.007676 145.331485 0.009007 140.258762 0.008305 135.174354 0.007593 130.291491 0.008409 125.416137 0.007499 120.691457 0.007396 116.063483 0.007533 111.540999 0.007938 107.105894 0.008075 102.780478 0.008441 NaN Inf
57020.301186 172.215491 0.015541 166.495015 0.012427 160.859474 0.011849 155.225749 0.016492 149.946713 0.011614 144.593418 0.014941 139.467738 0.011522 134.392129 0.011471 129.472529 0.012316 124.562156 0.011272 119.808430 0.011168 115.149611 0.011296 110.605361 0.011915 106.145022 0.012079 101.806454 0.012302 NaN Inf
57024.539983 173.519174 0.010272 167.590305 0.008086 161.841086 0.009257 156.138325 0.008730 150.599197 0.008434 145.161175 0.010002 139.842694 0.007608 134.640738 0.007465 129.552871 0.008265 124.581342 0.007366 119.716274 0.007235 114.968638 0.007342 110.327523 0.007710 105.788030 0.008279 101.381010 0.009865 NaN Inf
57025.269890 181.104278 0.022134 175.446946 0.018669 NaN Inf NaN Inf 159.026239 0.017186 NaN Inf 148.631450 0.018965 143.496204 0.017385 138.546949 0.019357 133.615951 0.017127 128.822721 0.016764 124.116732 0.017032 119.514208 0.018178 114.995824 0.018641 110.564007 0.018306 NaN Inf
57033.556742 182.727824 0.014072 176.790992 0.012004 170.978379 0.012444 165.244535 0.012233 159.643391 0.011377 154.133056 0.013864 148.751532 0.011308 143.464197 0.011207 138.281292 0.011899 133.216016 0.011151 128.249187 0.011015 123.386716 0.011230 118.629740 0.011635 113.979759 0.012073 109.428559 0.014872 NaN Inf
57035.368073 193.142259 0.009981 186.046189 0.008504 179.083904 0.008389 172.313432 0.008465 165.700205 0.008089 159.207038 0.009447 152.937386 0.008049 146.789249 0.007912 140.835672 0.008721 134.958154 0.007773 129.267296 0.007662 123.717992 0.007794 118.328499 0.008170 113.070337 0.008377 107.967180 0.008761 NaN Inf
57037.545793 187.631073 0.012091 182.861478 0.010674 177.200591 0.011077 170.294705 0.010467 168.048800 0.009827 159.404341 0.011806 154.011127 0.009984 146.870915 0.009517 144.115042 0.010282 137.134190 0.009472 133.971010 0.009378 129.978036 0.009539 122.223960 0.009839 118.858401 0.010043 112.573642 0.011695 NaN Inf
57039.375214 196.905339 0.010777 190.742405 0.009238 184.593880 0.011061 178.714453 0.009259 172.877226 0.008830 167.103557 0.010757 161.482526 0.009057 155.962919 0.008781 150.524613 0.010307 145.207153 0.008709 139.986777 0.008612 134.866953 0.008796 129.853618 0.009259 124.936832 0.009619 120.121469 0.010355 NaN Inf
57044.526672 199.215839 0.015346 192.913583 0.013037 186.702511 0.012686 180.584591 0.013889 174.624890 0.010781 168.697495 0.015819 162.994373 0.010807 157.351218 0.010713 151.830052 0.012254 146.361687 0.012225 141.036619 0.011903 135.813005 0.012118 130.707078 0.012780 125.716230 0.012235 120.798785 0.011068 NaN Inf
57051.198941 197.125008 0.018741 190.814401 0.015829 184.606262 0.015137 178.514420 0.016612 NaN Inf NaN Inf 160.886904 0.014839 155.251192 0.014736 149.664342 0.015836 144.261939 0.014689 138.956822 0.014590 133.740755 0.014861 128.643614 0.015587 123.671423 0.016171 118.700989 0.020210 NaN Inf
57055.289300 188.481682 0.011836 182.480800 0.010120 176.666143 0.010470 170.782715 0.010334 165.115908 0.009630 159.537187 0.009454 154.055545 0.009614 148.687711 0.009562 143.426038 0.010134 138.269447 0.009453 133.214139 0.009346 128.258477 0.009492 123.408298 0.009898 118.659696 0.010190 113.994886 0.011394 NaN Inf
57056.254936 191.551041 0.009838 185.210992 0.008632 178.999965 0.008297 172.916715 0.008360 166.946306 0.007992 161.069526 0.008243 155.341492 0.008188 149.735806 0.007871 144.225046 0.008712 138.842812 0.007792 133.568892 0.008043 128.417407 0.007828 123.376532 0.008297 118.456046 0.008448 113.635522 0.008806 NaN Inf
57058.179821 190.858002 0.015929 184.643423 0.013463 178.487728 0.013541 172.518153 0.014107 166.628325 0.012593 160.849448 0.012418 155.180916 0.012499 149.640111 0.012518 144.157466 0.013377 138.858458 0.012345 133.651908 0.012227 128.544571 0.012433 123.555859 0.013014 118.693232 0.013452 113.896122 0.013773 NaN Inf
57060.187205 188.879590 0.016473 183.126936 0.013852 177.444352 0.013452 171.929491 0.011685 166.373702 0.013298 160.985498 0.012908 155.672079 0.013285 150.476167 0.013105 145.326732 0.013709 140.321242 0.013119 135.403683 0.012928 130.564550 0.013055 125.817640 0.013828 121.188187 0.014460 116.617197 0.014205 NaN Inf
57060.289994 192.751618 0.010342 186.698331 0.008913 180.741036 0.008640 174.908609 0.008705 169.173657 0.008304 163.560164 0.008130 157.996569 0.008498 152.587766 0.008345 147.257854 0.008981 142.029876 0.008256 136.914034 0.008145 131.883494 0.008242 126.971465 0.008647 122.151982 0.009192 117.441866 0.009674 NaN Inf
57061.190353 190.970777 0.014461 185.024736 0.012276 179.165365 0.011882 173.414964 0.012644 167.747160 0.011662 162.193405 0.011467 156.734433 0.011722 151.392656 0.011641 146.102865 0.013019 140.966269 0.011579 135.913717 0.011410 130.956898 0.011707 126.099605 0.012316 121.357230 0.012913 116.647083 0.014765 NaN Inf
57062.281875 193.411041 0.012291 187.230279 0.010537 181.161762 0.010341 175.201031 0.010570 169.358471 0.010283 163.614307 0.010028 157.974643 0.010185 152.460888 0.010112 147.042872 0.010072 141.746134 0.009972 136.546336 0.009731 131.449307 0.010026 126.463022 0.010389 121.578674 0.011081 116.805823 0.011717 NaN Inf
57064.272309 194.720540 0.009696 188.307202 0.008408 182.048854 0.008339 175.860049 0.008207 169.822658 0.007810 163.883832 0.007993 158.079451 0.007825 152.385782 0.007710 146.838256 0.008533 141.361782 0.007679 136.031579 0.007531 130.797638 0.007696 125.698467 0.008088 120.693390 0.008231 115.819724 0.008619 NaN Inf
57066.202216 198.207961 0.010523 191.992722 0.009353 186.883769 0.009356 179.783643 0.008903 174.239133 0.008476 168.626920 0.009366 160.637867 0.008532 156.167971 0.008491 148.795392 0.009362 145.786030 0.008684 138.675059 0.008349 134.150858 0.008958 129.657641 0.009186 124.679032 0.009478 119.422660 0.009602 NaN Inf
57068.283478 194.051075 0.008824 187.824177 0.007476 181.425784 0.007561 NaN Inf 170.085987 0.007028 164.336654 0.007065 158.836434 0.007053 153.381198 0.006963 147.803976 0.007461 142.781398 0.006879 137.809564 0.007014 132.595052 0.006913 127.633087 0.007225 122.696572 0.007341 NaN Inf NaN Inf
57071.129126 185.499765 0.017348 180.094737 0.014671 174.750433 0.014005 NaN Inf 164.307736 0.013771 159.206818 0.013547 154.180617 0.013681 149.258255 0.013656 144.351272 0.014479 139.602504 0.013222 134.918268 0.013437 130.299087 0.013691 125.766101 0.014291 121.340951 0.014829 116.940729 0.015299 NaN Inf
57072.186013 193.683913 0.009310 187.622632 0.007887 181.465319 0.010367 NaN Inf 170.174167 0.007357 164.520507 0.007722 159.048851 0.007464 153.724418 0.007483 148.252000 0.007939 143.134684 0.007268 138.088123 0.007375 133.057384 0.008086 128.110439 0.007688 123.251134 0.008489 118.557684 0.008464 NaN Inf
57079.397575 185.211280 0.009015 179.005019 0.007775 171.889105 0.007274 NaN Inf 161.339595 0.007182 155.258294 0.007042 151.388816 0.007193 144.811731 0.007067 141.508827 0.007753 136.085277 0.007001 130.239786 0.007037 125.791762 0.007030 120.011503 0.007342 115.229406 0.007368 110.693540 0.007920 NaN Inf
57086.269022 177.927161 0.008210 171.970365 0.006887 165.828131 0.006971 NaN Inf 155.153895 0.006497 149.819760 0.006348 144.507478 0.006630 139.934586 0.006619 134.099855 0.006985 129.483348 0.006329 124.893595 0.006356 119.928806 0.006312 115.259598 0.006672 110.657784 0.006623 106.119847 0.007605 NaN Inf
57087.295723 176.959302 0.008274 171.276193 0.007225 165.117339 0.006779 NaN Inf 154.333611 0.006546 149.051237 0.006430 143.848944 0.006532 138.680297 0.006562 133.404593 0.007024 128.863863 0.006927 124.368262 0.006396 119.238874 0.006634 114.974565 0.006862 110.186138 0.006679 105.693069 0.007525 NaN Inf
57088.311892 177.925327 0.008369 171.964117 0.007061 165.731674 0.007154 NaN Inf 155.015959 0.006901 149.834451 0.006629 144.393337 0.007017 139.619315 0.006551 134.229650 0.007080 129.668880 0.006486 125.123947 0.006593 120.095557 0.006603 115.549756 0.006836 110.923286 0.006781 106.403611 0.007658 NaN Inf
57092.079520 176.211797 0.011144 170.678976 0.009337 165.236827 0.008861 NaN Inf 154.691893 0.009169 149.493006 0.009484 144.465711 0.009126 139.502110 0.009032 134.589500 0.009722 129.831625 0.008943 125.160263 0.009087 120.540747 0.009281 116.037230 0.009861 111.639285 0.009970 107.321071 0.009913 NaN Inf
57092.126800 177.060291 0.009281 171.456366 0.007698 166.063449 0.007970 NaN Inf 155.238818 0.007268 150.061551 0.007009 144.910854 0.007302 139.925845 0.007114 134.928292 0.007745 130.182066 0.007059 125.522984 0.007146 120.811731 0.007632 116.272811 0.008041 111.834874 0.007510 107.450669 0.008548 NaN Inf
57099.142494 178.161388 0.009543 172.426089 0.008090 166.794238 0.007723 NaN Inf 155.991869 0.007679 150.614750 0.008765 145.549769 0.007653 140.477523 0.007549 135.382801 0.008151 130.650254 0.007471 125.996507 0.007565 121.203083 0.007546 116.622328 0.007927 112.087337 0.008016 107.740859 0.008518 NaN Inf
57100.117390 177.429026 0.011046 171.780031 0.009327 166.223941 0.008869 NaN Inf 155.540387 0.008797 150.263953 0.010287 145.204767 0.008744 140.201145 0.008675 135.190887 0.008952 130.456472 0.008502 125.841811 0.008724 121.101011 0.008570 116.553558 0.009003 112.071765 0.008969 107.770607 0.009415 NaN Inf
57100.170446 177.351568 0.009364 171.491787 0.007891 165.758566 0.007524 NaN Inf 154.832867 0.007446 149.536294 0.007277 144.329590 0.007437 139.199512 0.007349 133.881990 0.008558 129.304967 0.007238 124.670401 0.007313 119.798235 0.007316 115.187324 0.007668 110.621537 0.007747 106.262238 0.008195 NaN Inf
57102.082922 177.108828 0.009547 171.303172 0.008380 165.683076 0.007704 NaN Inf 154.733368 0.007620 149.351906 0.008688 144.177710 0.007558 139.071435 0.007474 133.990368 0.008048 129.144308 0.007356 124.373718 0.007420 119.621395 0.007407 115.012904 0.007766 110.495322 0.007808 106.084111 0.008613 NaN Inf
57102.349230 175.997759 0.011471 170.069366 0.009932 164.565423 0.009195 158.820534 0.009537 153.919729 0.009092 148.228164 0.010592 143.649301 0.008986 138.667120 0.008953 133.495015 0.009231 128.939737 0.008751 124.551476 0.008923 119.608443 0.008791 115.087011 0.009169 110.545322 0.009243 106.314312 0.009763 NaN Inf
57104.364219 168.643095 0.013952 162.950563 0.012451 158.300931 0.010943 152.875852 0.011561 148.644269 0.010731 143.700367 0.010925 139.264946 0.010666 134.744578 0.010640 129.854312 0.011153 125.811082 0.010302 121.740806 0.011082 117.200704 0.010441 112.982547 0.010992 108.790528 0.011036 104.802590 0.011511 NaN Inf
57105.369832 170.872445 0.013874 165.436399 0.011673 160.018989 0.011105 154.545072 0.011365 149.760797 0.010844 144.789109 0.010682 139.906794 0.010794 135.250380 0.010947 130.057646 0.011288 125.702704 0.010610 121.476036 0.010934 116.906488 0.011001 112.354894 0.011248 108.000494 0.011169 103.853959 0.011545 NaN Inf
57106.356244 170.846513 0.012443 165.109438 0.010783 159.727976 0.010011 154.181211 0.010369 149.383143 0.009848 144.324386 0.009672 139.385532 0.009821 134.544886 0.009761 129.468892 0.010158 125.039066 0.009626 120.759378 0.009869 115.972780 0.009743 111.567992 0.010239 107.182897 0.010216 102.998991 0.010679 NaN Inf
57107.280434 168.874248 0.010925 163.412369 0.009200 157.987478 0.008764 152.514473 0.009114 147.905668 0.008680 142.965323 0.008530 138.111833 0.008668 133.357135 0.008583 128.377380 0.008992 124.024816 0.008619 119.981786 0.008632 115.232146 0.008536 110.898736 0.008986 106.582373 0.008963 102.535887 0.009446 NaN Inf
57108.169786 166.413331 0.010965 161.477689 0.009711 156.116396 0.008628 150.969431 0.008993 146.635897 0.008763 141.592458 0.008457 136.799928 0.008818 132.271310 0.008557 127.543692 0.008948 123.320975 0.008391 119.215389 0.008653 114.694576 0.008613 110.487633 0.009015 106.297753 0.009014 102.342891 0.009508 NaN Inf
57109.163409 163.457528 0.010606 158.302818 0.008941 153.285213 0.008523 148.271237 0.008845 143.790412 0.008428 139.125307 0.008300 134.532879 0.008431 130.040011 0.008352 125.444672 0.008707 121.300299 0.008214 117.282651 0.008460 112.861728 0.008338 108.744000 0.008805 104.661473 0.008774 100.805421 0.009236 NaN Inf
57112.153791 149.485993 0.008957 144.696600 0.007015 139.895380 0.006981 135.290061 0.007863 131.226844 0.006650 126.832456 0.006656 122.553217 0.007519 118.569082 0.006957 114.213788 0.007640 110.267933 0.006815 106.637354 0.007310 102.534101 0.007411 98.788540 0.007613 95.141099 0.007146 91.442668 0.007482 NaN Inf
57112.158906 149.465051 0.009405 144.726721 0.007144 139.921283 0.007600 135.483642 0.006923 131.228432 0.006644 126.806993 0.006642 122.580511 0.006668 118.422195 0.006582 114.186190 0.007419 110.358808 0.006837 106.563208 0.007137 102.513886 0.006941 98.750034 0.007159 94.870908 0.006902 91.242183 0.007447 NaN Inf
57112.282969 152.467061 0.008858 147.778786 0.007861 142.572187 0.007300 138.037339 0.007191 133.760902 0.006939 129.336739 0.006747 124.951725 0.006935 120.935035 0.006985 116.161431 0.007458 112.376116 0.006750 108.575441 0.006856 104.391065 0.006827 100.482984 0.007197 96.553621 0.007346 92.862815 0.007829 NaN Inf
57115.225133 162.886220 0.009267 157.514369 0.007646 151.933370 0.007543 146.977071 0.007461 142.268414 0.007178 137.393301 0.007038 132.501320 0.007415 128.001846 0.007045 123.092481 0.007660 118.942530 0.006923 114.807086 0.006999 110.237368 0.006986 106.004284 0.007381 101.700003 0.007570 97.749107 0.007919 NaN Inf
57116.058848 162.113588 0.009466 156.948679 0.008156 151.826089 0.007402 146.851979 0.007561 142.159626 0.007614 137.233911 0.007273 132.550820 0.007381 127.958508 0.007164 123.369405 0.007733 119.023745 0.007029 114.748054 0.007118 110.501203 0.007219 106.293236 0.007576 102.188811 0.007518 98.223609 0.007995 NaN Inf
57117.154844 161.744212 0.009247 156.382933 0.007528 151.303147 0.007027 146.262936 0.007211 141.621661 0.006962 136.664048 0.007258 132.205043 0.006964 127.651004 0.006859 122.939009 0.007462 118.781579 0.006734 114.676944 0.006818 110.262317 0.006799 106.118132 0.007170 101.989210 0.007266 98.095668 0.007617 NaN Inf
57118.152124 161.033238 0.009059 155.915053 0.007479 150.838504 0.007001 145.766100 0.007194 141.111040 0.006935 136.358234 0.006853 131.685136 0.006931 127.126175 0.006821 122.404244 0.007411 118.247633 0.006695 114.131899 0.006788 109.718544 0.006762 105.574267 0.007138 101.314826 0.007590 97.550255 0.007541 NaN Inf
57119.149392 159.793587 0.009371 154.845136 0.007481 149.465463 0.007584 144.684656 0.007282 140.048230 0.007053 135.340199 0.006926 130.685633 0.007042 126.152532 0.006946 121.470878 0.007546 117.325296 0.006819 113.241908 0.006918 108.863193 0.006895 104.736327 0.007274 100.641836 0.007323 96.765970 0.007704 NaN Inf
57120.146672 155.432746 0.011909 150.782411 0.009319 145.652910 0.010388 140.976232 0.009129 136.478440 0.008948 131.430206 0.009691 127.479455 0.009303 123.261508 0.009234 118.681962 0.008724 114.503311 0.008713 110.689288 0.008563 106.367079 0.008559 102.394463 0.008869 98.393596 0.009126 94.458355 0.010398 NaN Inf
57121.143906 157.981876 0.009264 152.977678 0.007380 147.867654 0.007754 NaN Inf 138.170931 0.006951 133.309894 0.007107 128.795736 0.006933 124.259678 0.006839 119.563931 0.007450 115.441407 0.006700 111.355469 0.006801 106.869476 0.007851 102.864350 0.007115 98.790279 0.007143 94.922450 0.007517 NaN Inf
57122.141175 156.595694 0.009089 151.538777 0.007557 146.512184 0.007188 NaN Inf 137.037807 0.007120 132.401351 0.007020 127.844843 0.007127 123.379021 0.007023 118.775237 0.007645 114.733868 0.006908 110.712431 0.006994 106.413889 0.006972 102.357290 0.007388 98.356578 0.007410 94.544599 0.007789 NaN Inf
57123.138466 155.761111 0.008859 150.724692 0.007499 145.805056 0.007135 NaN Inf 136.772850 0.007249 131.498338 0.007870 127.420568 0.007237 123.207971 0.007109 118.537079 0.007620 114.558879 0.006885 110.610834 0.006993 106.362428 0.006958 102.368528 0.007357 98.402635 0.007398 94.533634 0.008765 NaN Inf
57124.135758 153.407100 0.009063 148.494532 0.007650 143.679323 0.007295 NaN Inf 134.547645 0.007229 130.117785 0.007107 125.728390 0.007272 121.575496 0.007273 117.015455 0.007814 113.101572 0.007070 109.240397 0.007158 105.083206 0.007161 101.173370 0.007562 97.285787 0.007630 93.584725 0.008146 NaN Inf
57125.133027 150.409761 0.010335 145.740446 0.008754 141.140049 0.008320 NaN Inf 132.447416 0.008241 128.199675 0.008114 124.015127 0.008260 119.890942 0.008216 115.674607 0.008576 111.891339 0.008060 108.255793 0.008317 104.206152 0.008182 100.429289 0.008630 96.674938 0.008675 93.144213 0.009018 NaN Inf
